51
53
54
55
57
58
59
60
61
62
77
78
79
80
81
82
83
84
85
87
89
90
110
111
112
113
115
116
117
118
119
120
121
140
142
143
145
146
148
149
150
151
152
154
159
160
161
164
165
166
167
168
171
172
173
180
181
203
204
205
206
207
208
209
210
211
212
213
215
216
217
218
219
220
221
222
223
224
257
259
261
262
263
264
265
266
267
268
269
270
271
272
273
274
275
276
277
278
281
282
283
284
286
288
289
290
292
293
294
295
297
298
299
301
302